['Test Stats '] top1_per_class accuracy is: [59. 28.  3.  0. 10. 14.  3. 14.  6. 30.  9.  3. 17. 24. 14.  0. 26. 28. 13.  0. 27.  0. 16. 93.  3.  8.  0.  2. 24.  2.  4.  0. 23. 37.  1. 11.  1. 22.  0. 16.  5. 25.  0.  0.  3.  0.  6. 49. 33. 85.  0.  7. 78. 43. 71.  7. 32. 50. 19. 38. 90. 25. 94.  0.  0.  1.  0. 43.  4.  2. 86. 90.  4. 59.  0.  1.  6.  1.  2.  0.  2.  1. 76. 26. 13.  8. 40. 26.  0.  6.  8. 29. 87.  1. 13.  7. 49.  0.  3.  2.], average: 20.47
['Test Stats '] top1_per_class accuracy is: [77. 23. 56.  3. 26. 53. 35. 39. 37. 46. 15. 52. 65. 39. 18. 28. 35. 94. 23. 23. 54. 20. 53. 82. 42. 39.  2.  3. 38.  1. 56. 25.  6. 16. 37. 68.  4. 71. 29. 59. 44. 42. 25. 15.  3.  0. 48. 74. 83. 50.  4.  2. 94. 78. 39. 22. 58. 53. 57. 64. 82. 23. 64. 42. 40.  4. 41. 35. 44. 14. 57. 87. 35. 46.  5. 56. 64.  0.  1.  3.  0.  8. 43. 51. 37. 14. 81. 79. 26. 23. 28. 21. 62.  0. 84. 51. 66. 11. 54.  1.], average: 38.3
['Test Stats '] top1_per_class accuracy is: [86. 23. 66. 17. 15. 46. 54. 49. 63. 59. 44. 72. 59. 66. 33. 45. 53. 88. 40. 56. 58. 30. 43. 61. 66. 45. 10.  9. 63.  5. 69. 57. 10. 15. 31. 77. 16. 65. 34. 52. 33. 46. 65. 62. 10.  1. 64. 90. 89. 34. 12.  4. 98. 89. 58. 25. 80. 61. 83. 87. 64. 49. 66. 52. 48.  3. 49. 46. 69. 43. 66. 73. 34. 50.  8. 71. 68.  0.  3.  6.  3. 23. 49. 55. 43. 51. 73. 73. 76. 61. 40. 44. 66.  4. 75. 76. 85. 45. 67.  9.], average: 48.27
['Test Stats '] top1_per_class accuracy is: [90. 33. 55. 17. 20. 50. 56. 63. 80. 61. 45. 74. 53. 82. 39. 53. 62. 84. 44. 67. 68. 44. 39. 67. 77. 44. 30. 16. 69. 11. 65. 70. 17. 17. 40. 70. 44. 61. 39. 53. 24. 49. 70. 67. 16. 13. 62. 92. 93. 47. 22. 12. 98. 95. 76. 30. 80. 79. 88. 88. 71. 59. 79. 54. 60. 14. 57. 55. 83. 55. 74. 77. 44. 59. 10. 81. 64. 12.  8. 18.  6. 26. 74. 63. 42. 42. 75. 63. 78. 52. 58. 62. 77.  6. 72. 75. 85. 37. 58. 24.], average: 53.79
['Test Stats '] top1_per_class accuracy is: [91. 43. 54. 12. 29. 67. 49. 55. 77. 58. 48. 81. 62. 74. 31. 56. 66. 86. 40. 68. 79. 54. 27. 89. 76. 54. 45. 23. 72. 27. 70. 74. 22. 36. 51. 73. 58. 69. 41. 48. 10. 60. 65. 62. 26. 26. 66. 92. 95. 65. 25. 18. 98. 96. 80. 38. 87. 82. 84. 90. 88. 63. 92. 52. 66. 23. 70. 59. 86. 62. 85. 85. 47. 54. 16. 93. 72. 27. 22. 36. 12. 38. 86. 71. 51. 57. 67. 45. 76. 56. 52. 69. 84. 15. 85. 79. 88. 28. 63. 36.], average: 58.56
['Test Stats '] top1_per_class accuracy is: [90. 53. 56. 15. 36. 76. 51. 55. 76. 61. 50. 74. 67. 58. 34. 56. 68. 89. 32. 77. 83. 63. 34. 92. 75. 63. 39. 49. 79. 50. 69. 78. 39. 58. 44. 73. 68. 79. 45. 50. 11. 70. 59. 67. 48. 21. 65. 94. 95. 77. 31. 31. 98. 94. 84. 35. 86. 85. 77. 90. 94. 71. 94. 41. 51. 29. 63. 65. 88. 72. 89. 88. 52. 64. 25. 87. 76. 25. 45. 36. 24. 57. 90. 67. 65. 75. 68. 36. 77. 74. 40. 80. 86. 35. 88. 78. 84. 39. 61. 38.], average: 62.39
['Test Stats '] top1_per_class accuracy is: [90. 66. 59. 18. 44. 75. 53. 62. 80. 63. 50. 78. 69. 66. 43. 67. 68. 91. 45. 81. 84. 74. 41. 90. 80. 63. 40. 51. 79. 56. 68. 85. 50. 63. 30. 76. 77. 82. 50. 63. 26. 63. 57. 67. 50. 23. 69. 92. 94. 82. 42. 30. 98. 88. 90. 46. 85. 81. 85. 89. 94. 70. 96. 34. 41. 33. 63. 66. 91. 70. 94. 88. 59. 66. 40. 85. 81. 29. 48. 40. 29. 50. 94. 60. 68. 73. 70. 51. 75. 71. 49. 87. 92. 38. 86. 79. 85. 40. 65. 46.], average: 65.23
['Test Stats '] top1_per_class accuracy is: [90. 67. 67. 21. 52. 79. 65. 74. 84. 65. 56. 82. 71. 72. 58. 61. 68. 91. 52. 74. 87. 64. 50. 91. 85. 64. 55. 47. 84. 61. 70. 80. 46. 60. 29. 83. 83. 80. 41. 72. 33. 59. 69. 76. 47. 28. 71. 91. 94. 85. 53. 35. 98. 94. 90. 52. 87. 83. 88. 90. 95. 68. 95. 38. 44. 39. 64. 63. 92. 65. 93. 90. 67. 59. 45. 87. 83. 36. 39. 50. 35. 43. 95. 64. 68. 66. 80. 61. 79. 55. 56. 88. 89. 34. 86. 81. 83. 57. 70. 58.], average: 67.64
['Test Stats '] top1_per_class accuracy is: [91. 71. 65. 21. 46. 78. 66. 74. 87. 67. 58. 84. 70. 65. 58. 59. 64. 90. 56. 74. 87. 63. 61. 93. 85. 67. 51. 45. 82. 63. 72. 78. 54. 58. 28. 84. 83. 79. 38. 75. 40. 61. 65. 70. 49. 30. 70. 93. 94. 85. 61. 45. 98. 93. 91. 55. 89. 83. 86. 91. 96. 69. 95. 38. 41. 47. 64. 67. 92. 71. 94. 91. 69. 63. 53. 86. 84. 44. 39. 52. 38. 51. 93. 64. 69. 74. 82. 75. 81. 62. 56. 88. 91. 37. 84. 79. 84. 58. 69. 61.], average: 68.9
['Test Stats '] top1_per_class accuracy is: [93. 73. 71. 18. 56. 84. 61. 75. 82. 67. 52. 87. 72. 63. 57. 61. 64. 90. 58. 76. 91. 72. 59. 96. 83. 71. 48. 42. 82. 63. 74. 80. 56. 64. 33. 85. 83. 81. 46. 74. 45. 73. 63. 75. 49. 26. 74. 95. 93. 87. 64. 55. 99. 99. 88. 58. 90. 89. 83. 93. 96. 68. 93. 42. 45. 46. 71. 71. 93. 73. 94. 94. 73. 63. 51. 87. 85. 38. 40. 51. 40. 61. 93. 71. 72. 76. 82. 74. 81. 74. 51. 87. 92. 38. 90. 79. 86. 56. 70. 59.], average: 70.47
['Test Stats '] top1_per_class accuracy is: [94. 79. 68. 19. 50. 87. 64. 75. 86. 69. 53. 88. 73. 60. 60. 63. 66. 92. 59. 76. 91. 76. 60. 97. 83. 76. 58. 46. 83. 61. 72. 81. 56. 69. 37. 85. 84. 83. 45. 79. 45. 76. 66. 76. 50. 34. 76. 95. 92. 93. 66. 56. 98. 99. 87. 57. 90. 88. 85. 92. 96. 74. 93. 44. 48. 50. 70. 73. 93. 74. 95. 95. 64. 67. 53. 85. 86. 50. 43. 61. 41. 62. 93. 77. 75. 77. 82. 73. 84. 74. 48. 85. 92. 42. 92. 78. 86. 63. 76. 63.], average: 72.01
['Test Stats '] top1_per_class accuracy is: [94. 82. 77. 20. 53. 90. 61. 77. 86. 71. 59. 91. 72. 61. 58. 66. 65. 91. 60. 76. 94. 78. 62. 98. 87. 81. 62. 42. 82. 57. 72. 81. 55. 67. 46. 91. 83. 85. 45. 86. 50. 78. 66. 76. 45. 44. 82. 96. 92. 96. 63. 59. 98. 99. 87. 55. 91. 87. 86. 93. 96. 76. 92. 48. 52. 43. 75. 73. 92. 73. 94. 96. 66. 67. 52. 84. 87. 53. 43. 61. 45. 64. 93. 77. 77. 79. 88. 72. 84. 76. 50. 85. 92. 33. 94. 78. 86. 62. 81. 62.], average: 73.08
['Test Stats '] top1_per_class accuracy is: [95. 85. 78. 25. 51. 90. 66. 76. 87. 71. 58. 91. 67. 66. 64. 67. 74. 90. 65. 77. 91. 72. 62. 97. 89. 77. 69. 41. 84. 58. 69. 80. 60. 60. 47. 92. 88. 82. 49. 85. 48. 77. 65. 81. 48. 50. 83. 96. 92. 93. 71. 60. 99. 99. 87. 58. 90. 89. 87. 95. 96. 75. 92. 43. 44. 61. 73. 77. 92. 73. 94. 95. 66. 66. 59. 84. 84. 57. 37. 66. 53. 58. 93. 84. 77. 76. 83. 72. 86. 72. 56. 88. 91. 39. 94. 78. 93. 69. 81. 69.], average: 74.09
['Test Stats '] top1_per_class accuracy is: [ 97.  86.  76.  28.  57.  88.  74.  80.  88.  71.  62.  88.  78.  73.  64.  61.  70.  92.  67.  75.  91.  72.  70.  96.  90.  77.  63.  41.  86.  64.  73.  75.  64.  64.  48.  89.  87.  84.  41.  88.  50.  74.  69.  79.  48.  46.  80.  96.  94.  93.  71.  62.  99. 100.  87.  61.  88.  91.  92.  94.  96.  75.  91.  48.  45.  60.  71.  78.  93.  70.  91.  96.  70.  62.  61.  83.  89.  58.  47.  62.  55.  54.  91.  84.  76.  77.  85.  81.  87.  70.  61.  89.  90.  40.  93.  81.  91.  71.  81.  64.], average: 74.79
['Test Stats '] top1_per_class accuracy is: [94. 84. 77. 36. 56. 89. 69. 79. 91. 70. 64. 89. 74. 72. 62. 63. 70. 92. 61. 75. 94. 81. 71. 96. 88. 78. 68. 45. 87. 63. 73. 75. 66. 68. 56. 91. 87. 83. 45. 86. 52. 78. 73. 84. 48. 53. 84. 96. 92. 94. 72. 62. 98. 98. 90. 61. 88. 88. 93. 90. 95. 75. 93. 49. 42. 61. 74. 77. 93. 74. 94. 96. 64. 65. 60. 86. 84. 59. 45. 63. 55. 54. 95. 81. 76. 78. 84. 81. 89. 75. 62. 89. 93. 40. 93. 79. 89. 76. 83. 65.], average: 75.48
['Test Stats '] top1_per_class accuracy is: [ 94.  83.  77.  33.  53.  90.  65.  81.  90.  75.  66.  87.  74.  72.  64.  64.  76.  93.  63.  75.  94.  80.  69.  97.  88.  79.  72.  45.  90.  66.  76.  76.  67.  63.  63.  89.  89.  80.  42.  83.  51.  79.  71.  80.  49.  52.  84.  96.  92.  93.  73.  62. 100.  99.  90.  60.  88.  90.  92.  94.  95.  79.  91.  52.  45.  57.  78.  76.  93.  75.  95.  96.  69.  65.  58.  83.  86.  57.  46.  66.  60.  55.  96.  82.  77.  75.  85.  79.  88.  76.  64.  90.  94.  39.  93.  79.  92.  73.  82.  63.], average: 75.82
['Test Stats '] top1_per_class accuracy is: [95. 83. 80. 37. 52. 90. 81. 85. 91. 72. 61. 90. 76. 75. 70. 65. 72. 94. 73. 73. 93. 82. 73. 98. 90. 79. 65. 55. 88. 71. 80. 76. 61. 67. 63. 91. 86. 81. 45. 86. 60. 80. 77. 84. 59. 46. 85. 96. 94. 89. 73. 70. 99. 99. 88. 60. 88. 92. 93. 93. 95. 85. 89. 56. 45. 56. 77. 68. 92. 75. 92. 96. 65. 58. 61. 84. 90. 55. 54. 64. 56. 56. 92. 84. 75. 78. 88. 81. 89. 76. 66. 86. 90. 47. 93. 79. 91. 78. 86. 63.], average: 76.81
['Test Stats '] top1_per_class accuracy is: [94. 82. 82. 38. 60. 92. 77. 84. 91. 79. 69. 94. 75. 77. 65. 68. 77. 92. 72. 75. 94. 81. 69. 98. 90. 78. 67. 51. 88. 68. 79. 78. 61. 66. 69. 91. 87. 82. 52. 85. 53. 80. 77. 82. 55. 54. 85. 95. 94. 91. 73. 65. 98. 99. 90. 67. 88. 90. 94. 91. 96. 85. 90. 62. 54. 59. 83. 62. 92. 76. 93. 96. 70. 56. 61. 88. 90. 59. 52. 68. 59. 54. 93. 83. 77. 77. 89. 82. 88. 75. 71. 88. 92. 43. 94. 86. 91. 74. 88. 66.], average: 77.6
['Test Stats '] top1_per_class accuracy is: [ 94.  84.  81.  32.  45.  91.  73.  85.  93.  79.  75.  92.  78.  77.  64.  66.  75.  95.  67.  74.  94.  81.  67.  98.  90.  80.  72.  52.  88.  67.  79.  77.  65.  64.  72.  92.  90.  86.  52.  86.  60.  79.  70.  82.  56.  57.  86.  96.  97.  91.  73.  66. 100.  99.  88.  59.  90.  91.  93.  92.  95.  89.  91.  61.  52.  60.  81.  67.  93.  76.  95.  96.  72.  61.  61.  89.  92.  60.  53.  69.  60.  60.  93.  82.  76.  80.  86.  78.  86.  80.  68.  88.  92.  43.  95.  80.  89.  72.  87.  68.], average: 77.73
['Test Stats '] top1_per_class accuracy is: [ 95.  83.  79.  32.  54.  91.  77.  88.  93.  77.  71.  93.  74.  78.  66.  69.  70.  92.  70.  75.  94.  80.  69.  98.  90.  81.  79.  49.  87.  66.  77.  76.  65.  62.  69.  92.  85.  83.  49.  86.  60.  81.  72.  83.  56.  69.  87.  95.  96.  94.  73.  70. 100. 100.  91.  63.  90.  92.  94.  92.  96.  83.  93.  59.  51.  57.  81.  74.  93.  77.  94.  96.  71.  64.  58.  88.  91.  67.  52.  74.  60.  61.  94.  84.  77.  80.  88.  78.  88.  79.  70.  89.  92.  44.  93.  78.  95.  73.  85.  72.], average: 78.21
['Test Stats '] top1_per_class accuracy is: [ 94.  81.  81.  44.  53.  90.  75.  88.  92.  77.  65.  90.  69.  76.  69.  68.  74.  89.  69.  72.  93.  79.  71.  97.  90.  79.  73.  54.  88.  68.  77.  75.  60.  63.  72.  92.  86.  81.  51.  83.  58.  83.  78.  82.  59.  59.  86.  97.  95.  93.  74.  71. 100.  98.  92.  64.  91.  91.  92.  94.  96.  77.  92.  68.  60.  58.  83.  73.  93.  76.  96.  98.  71.  63.  62.  92.  91.  64.  52.  71.  62.  65.  95.  85.  74.  75.  85.  81.  90.  83.  69.  84.  93.  51.  93.  83.  94.  76.  87.  73.], average: 78.39
['Test Stats '] top1_per_class accuracy is: [ 95.  83.  81.  47.  55.  88.  80.  88.  94.  83.  73.  92.  75.  76.  67.  71.  78.  91.  71.  68.  93.  82.  76.  98.  88.  78.  72.  49.  89.  69.  80.  77.  61.  64.  66.  94.  85.  83.  49.  83.  60.  85.  85.  89.  57.  62.  87.  97.  95.  93.  70.  70. 100.  99.  89.  67.  91.  90.  95.  95.  96.  80.  90.  62.  53.  53.  82.  68.  93.  76.  95.  97.  73.  56.  58.  92.  92.  61.  54.  67.  47.  62.  93.  83.  75.  76.  86.  81.  91.  80.  70.  90.  93.  48.  90.  85.  95.  80.  87.  73.], average: 78.51
['Test Stats '] top1_per_class accuracy is: [96. 86. 82. 45. 62. 88. 87. 90. 95. 79. 73. 92. 80. 76. 78. 73. 78. 94. 78. 73. 93. 81. 75. 98. 92. 80. 68. 51. 88. 69. 78. 77. 66. 69. 70. 93. 87. 83. 49. 83. 67. 85. 83. 87. 53. 56. 86. 96. 95. 94. 71. 67. 98. 99. 84. 67. 92. 90. 95. 90. 97. 78. 91. 63. 52. 53. 81. 74. 95. 76. 97. 98. 73. 63. 60. 91. 92. 61. 56. 66. 51. 67. 94. 83. 75. 83. 87. 82. 92. 82. 72. 90. 92. 48. 92. 84. 90. 79. 85. 69.], average: 79.24
['Test Stats '] top1_per_class accuracy is: [94. 85. 82. 40. 61. 89. 84. 88. 94. 86. 75. 93. 76. 76. 70. 69. 83. 94. 77. 71. 95. 78. 71. 98. 90. 78. 74. 47. 88. 69. 80. 77. 66. 61. 74. 95. 91. 83. 48. 84. 59. 83. 83. 81. 49. 68. 87. 96. 95. 93. 74. 71. 99. 99. 89. 67. 91. 91. 94. 93. 95. 86. 91. 63. 57. 59. 84. 72. 94. 76. 95. 98. 77. 61. 60. 91. 91. 66. 55. 75. 56. 66. 94. 85. 73. 80. 84. 83. 90. 84. 72. 88. 92. 46. 92. 86. 93. 74. 87. 72.], average: 79.39
['Test Stats '] top1_per_class accuracy is: [94. 85. 85. 55. 57. 89. 84. 86. 94. 86. 74. 94. 73. 77. 68. 69. 82. 94. 72. 73. 93. 79. 76. 98. 89. 79. 73. 56. 90. 68. 78. 75. 63. 62. 74. 94. 90. 82. 51. 86. 59. 84. 83. 86. 60. 66. 91. 95. 96. 92. 79. 67. 99. 99. 89. 65. 92. 89. 93. 91. 94. 85. 89. 66. 53. 66. 81. 68. 94. 79. 94. 98. 75. 67. 66. 91. 88. 62. 60. 73. 66. 62. 93. 84. 78. 82. 86. 83. 89. 87. 75. 89. 92. 54. 92. 84. 95. 79. 88. 72.], average: 80.01
['Test Stats '] top1_per_class accuracy is: [93. 85. 86. 47. 58. 90. 83. 85. 94. 84. 74. 94. 75. 76. 67. 75. 77. 94. 72. 73. 93. 83. 78. 97. 90. 82. 76. 61. 90. 70. 80. 79. 65. 63. 74. 94. 91. 83. 54. 87. 63. 85. 71. 83. 59. 72. 88. 97. 95. 92. 73. 67. 99. 99. 89. 67. 91. 90. 95. 93. 97. 83. 92. 67. 59. 64. 84. 71. 93. 76. 95. 96. 69. 68. 62. 93. 90. 67. 59. 74. 63. 62. 93. 84. 78. 80. 86. 85. 90. 85. 78. 88. 92. 56. 93. 82. 96. 79. 87. 77.], average: 80.33
['Test Stats '] top1_per_class accuracy is: [95. 85. 85. 45. 55. 93. 85. 87. 95. 82. 71. 93. 75. 77. 73. 69. 78. 95. 75. 73. 97. 77. 82. 97. 91. 81. 74. 56. 87. 72. 80. 75. 67. 62. 76. 92. 89. 84. 48. 90. 68. 85. 75. 83. 58. 67. 88. 96. 94. 93. 76. 68. 98. 99. 87. 69. 92. 92. 95. 93. 96. 81. 90. 63. 60. 67. 84. 76. 95. 77. 95. 97. 74. 67. 62. 93. 90. 69. 59. 75. 66. 61. 93. 88. 76. 79. 87. 84. 90. 82. 76. 91. 92. 53. 92. 82. 96. 77. 85. 73.], average: 80.32
['Test Stats '] top1_per_class accuracy is: [96. 87. 83. 40. 44. 89. 85. 89. 95. 83. 69. 92. 80. 78. 76. 70. 75. 95. 78. 75. 97. 82. 80. 97. 91. 82. 76. 59. 88. 73. 78. 78. 66. 64. 79. 93. 90. 86. 54. 88. 64. 88. 68. 85. 62. 62. 89. 96. 95. 95. 74. 70. 99. 99. 88. 63. 89. 87. 95. 93. 98. 81. 90. 69. 65. 61. 86. 78. 94. 79. 96. 97. 63. 67. 60. 92. 92. 65. 59. 71. 64. 63. 91. 85. 75. 83. 87. 83. 90. 83. 76. 88. 93. 58. 91. 81. 92. 71. 86. 71.], average: 80.15
['Test Stats '] top1_per_class accuracy is: [96. 83. 83. 43. 61. 91. 83. 89. 95. 81. 72. 93. 80. 77. 74. 77. 76. 95. 76. 80. 95. 82. 80. 96. 93. 80. 77. 66. 87. 69. 79. 78. 65. 59. 78. 94. 87. 84. 57. 88. 65. 85. 78. 85. 56. 65. 91. 96. 97. 94. 68. 73. 99. 99. 93. 66. 91. 89. 95. 92. 96. 84. 91. 65. 59. 58. 83. 70. 94. 81. 97. 98. 68. 58. 56. 89. 91. 65. 60. 72. 54. 62. 95. 84. 75. 81. 86. 81. 91. 81. 76. 82. 93. 57. 93. 86. 95. 77. 85. 72.], average: 80.17
['Test Stats '] top1_per_class accuracy is: [96. 85. 85. 41. 53. 92. 83. 91. 94. 83. 75. 94. 80. 77. 72. 77. 78. 94. 74. 73. 95. 84. 78. 97. 91. 81. 80. 54. 87. 66. 82. 78. 66. 65. 77. 93. 88. 81. 53. 89. 66. 87. 78. 86. 46. 70. 89. 95. 97. 94. 70. 77. 99. 98. 90. 68. 90. 91. 95. 92. 94. 86. 93. 65. 59. 62. 83. 74. 95. 79. 97. 99. 71. 62. 57. 91. 91. 69. 54. 72. 61. 69. 93. 84. 72. 83. 88. 82. 91. 84. 77. 91. 93. 52. 93. 84. 95. 75. 86. 74.], average: 80.4
['Test Stats '] top1_per_class accuracy is: [95. 83. 83. 52. 57. 92. 86. 87. 95. 86. 75. 94. 78. 77. 73. 77. 79. 94. 76. 73. 95. 84. 79. 95. 92. 81. 82. 55. 89. 68. 83. 76. 66. 62. 73. 95. 87. 82. 55. 91. 66. 86. 79. 87. 49. 70. 87. 95. 97. 93. 70. 74. 99. 98. 94. 68. 90. 90. 95. 93. 93. 86. 94. 66. 62. 58. 84. 71. 95. 80. 97. 98. 67. 60. 57. 88. 92. 69. 57. 74. 53. 70. 95. 83. 72. 82. 86. 81. 91. 84. 78. 88. 93. 51. 93. 86. 94. 80. 86. 72.], average: 80.48
['Test Stats '] top1_per_class accuracy is: [94. 82. 82. 53. 51. 92. 85. 89. 95. 87. 74. 95. 77. 78. 71. 70. 79. 94. 79. 71. 96. 84. 80. 96. 91. 83. 78. 60. 86. 70. 82. 78. 66. 62. 72. 94. 90. 82. 53. 87. 63. 85. 83. 82. 54. 69. 90. 96. 96. 93. 74. 72. 99. 98. 94. 64. 91. 90. 96. 93. 94. 86. 94. 62. 62. 60. 82. 76. 95. 79. 96. 98. 62. 66. 60. 89. 91. 68. 61. 76. 62. 69. 95. 82. 74. 88. 86. 79. 90. 84. 80. 90. 94. 52. 93. 86. 93. 80. 86. 75.], average: 80.65
['Test Stats '] top1_per_class accuracy is: [95. 84. 85. 60. 64. 90. 83. 87. 95. 84. 73. 94. 76. 80. 70. 79. 78. 92. 73. 77. 94. 85. 82. 95. 91. 80. 79. 61. 88. 69. 81. 78. 68. 62. 76. 94. 90. 82. 55. 87. 63. 83. 84. 88. 59. 69. 90. 96. 95. 93. 76. 69. 99. 99. 89. 68. 89. 90. 96. 91. 95. 85. 92. 63. 59. 60. 85. 71. 95. 78. 97. 99. 75. 56. 59. 91. 91. 67. 58. 76. 61. 64. 93. 84. 74. 85. 86. 81. 91. 85. 78. 87. 92. 56. 92. 85. 93. 80. 86. 76.], average: 80.83
['Test Stats '] top1_per_class accuracy is: [ 96.  83.  84.  52.  55.  90.  86.  90.  95.  85.  71.  95.  81.  78.  74.  82.  81.  96.  72.  78.  95.  87.  79.  94.  93.  85.  77.  59.  89.  69.  85.  80.  65.  62.  76.  94.  90.  83.  59.  88.  61.  85.  87.  84.  58.  68.  87.  95.  97.  91.  73.  73. 100.  99.  88.  66.  92.  90.  95.  92.  95.  83.  90.  66.  59.  63.  86.  70.  96.  76.  93.  97.  68.  55.  63.  93.  92.  66.  62.  73.  62.  68.  92.  87.  74.  86.  87.  81.  91.  85.  80.  86.  92.  58.  92.  87.  94.  81.  88.  75.], average: 81.06
['Test Stats '] top1_per_class accuracy is: [ 95.  83.  85.  54.  53.  91.  86.  92.  95.  80.  73.  96.  79.  79.  74.  76.  80.  95.  78.  73.  93.  83.  78.  93.  93.  80.  79.  64.  88.  67.  79.  78.  66.  55.  79.  95.  86.  83.  50.  85.  61.  86.  91.  88.  59.  76.  88.  96.  94.  91.  75.  71. 100.  98.  87.  66.  91.  89.  97.  90.  96.  83.  90.  69.  65.  69.  87.  71.  95.  79.  95.  96.  63.  58.  63.  92.  92.  68.  61.  73.  58.  67.  92.  84.  71.  85.  84.  80.  92.  85.  83.  87.  92.  59.  91.  83.  94.  77.  88.  77.], average: 80.79
['Test Stats '] top1_per_class accuracy is: [94. 88. 85. 60. 63. 89. 81. 86. 95. 86. 74. 93. 78. 76. 70. 78. 83. 94. 66. 77. 92. 83. 76. 97. 90. 78. 78. 62. 90. 68. 80. 81. 73. 67. 77. 94. 86. 84. 50. 86. 59. 87. 91. 87. 58. 67. 87. 97. 94. 94. 74. 71. 98. 99. 89. 71. 93. 89. 94. 91. 97. 87. 93. 69. 61. 65. 86. 78. 95. 81. 94. 99. 71. 61. 59. 89. 93. 71. 59. 75. 62. 72. 91. 76. 72. 87. 83. 83. 93. 84. 78. 91. 91. 63. 91. 86. 93. 81. 85. 74.], average: 81.17
['Test Stats '] top1_per_class accuracy is: [ 93.  87.  87.  59.  57.  91.  87.  90.  96.  87.  76.  94.  80.  76.  76.  79.  83.  96.  80.  79.  93.  81.  73.  96.  93.  78.  79.  59.  91.  70.  82.  80.  66.  59.  76.  94.  86.  83.  55.  87.  61.  85.  89.  88.  58.  64.  90.  96.  96.  94.  75.  72. 100.  99.  91.  67.  93.  89.  95.  93.  95.  86.  92.  64.  63.  65.  86.  73.  95.  80.  95.  98.  69.  61.  62.  89.  92.  69.  59.  77.  60.  72.  91.  82.  76.  88.  84.  82.  92.  86.  79.  90.  93.  59.  90.  84.  94.  80.  88.  76.], average: 81.45
['Test Stats '] top1_per_class accuracy is: [ 93.  86.  88.  53.  58.  93.  84.  91.  95.  86.  70.  95.  84.  76.  72.  76.  83.  96.  77.  76.  94.  81.  81.  93.  94.  82.  77.  62.  91.  76.  82.  77.  66.  60.  75.  95.  87.  85.  51.  90.  62.  88.  88.  86.  60.  65.  90.  96.  97.  92.  74.  75.  99. 100.  91.  68.  92.  90.  95.  93.  95.  83.  93.  62.  61.  63.  85.  68.  95.  78.  96.  97.  71.  58.  59.  88.  92.  67.  59.  78.  62.  73.  94.  82.  78.  87.  86.  86.  91.  86.  76.  91.  93.  64.  92.  84.  94.  81.  92.  71.], average: 81.43
['Test Stats '] top1_per_class accuracy is: [ 94.  88.  86.  49.  58.  88.  86.  89.  93.  86.  72.  95.  83.  79.  68.  82.  83.  96.  76.  78.  93.  91.  82.  94.  94.  77.  77.  58.  91.  74.  80.  82.  68.  61.  76.  95.  86.  84.  54.  90.  66.  89.  85.  83.  58.  62.  89.  96.  96.  93.  74.  75.  99. 100.  90.  64.  93.  89.  95.  95.  95.  85.  92.  65.  64.  66.  85.  72.  94.  76.  96.  97.  66.  64.  61.  89.  92.  70.  60.  70.  70.  69.  93.  85.  77.  84.  89.  89.  87.  86.  79.  92.  93.  62.  93.  84.  94.  81.  90.  74.], average: 81.57
['Test Stats '] top1_per_class accuracy is: [94. 87. 86. 56. 49. 87. 87. 90. 96. 86. 75. 92. 84. 79. 72. 79. 81. 96. 71. 75. 93. 89. 81. 91. 93. 76. 72. 64. 89. 75. 80. 79. 71. 63. 77. 95. 85. 86. 56. 91. 68. 91. 85. 86. 64. 63. 87. 97. 95. 92. 71. 73. 99. 98. 91. 62. 92. 88. 95. 94. 92. 86. 92. 71. 64. 63. 86. 74. 95. 79. 95. 98. 60. 66. 62. 92. 91. 69. 65. 73. 66. 71. 93. 80. 73. 86. 87. 90. 91. 88. 77. 92. 93. 62. 89. 84. 94. 83. 91. 70.], average: 81.52
['Test Stats '] top1_per_class accuracy is: [95. 86. 85. 52. 51. 86. 86. 91. 96. 83. 70. 93. 79. 81. 72. 80. 75. 95. 73. 75. 93. 88. 80. 93. 94. 80. 80. 61. 90. 69. 81. 79. 68. 58. 80. 95. 88. 82. 53. 94. 69. 91. 82. 84. 59. 74. 90. 94. 99. 93. 74. 74. 99. 99. 85. 64. 92. 89. 95. 96. 92. 86. 90. 72. 67. 65. 86. 74. 95. 78. 94. 98. 65. 58. 60. 94. 90. 73. 61. 77. 68. 72. 93. 82. 75. 84. 89. 86. 90. 84. 83. 91. 93. 65. 90. 86. 94. 79. 89. 78.], average: 81.58
['Test Stats '] top1_per_class accuracy is: [ 96.  87.  86.  52.  63.  87.  84.  89.  97.  84.  69.  94.  77.  81.  72.  79.  77.  95.  71.  74.  93.  85.  79.  92.  94.  80.  80.  60.  90.  77.  86.  81.  70.  60.  78.  94.  90.  79.  53.  93.  66.  88.  77.  86.  61.  73.  90.  94.  97.  90.  76.  74.  99. 100.  91.  69.  92.  89.  95.  93.  94.  84.  91.  71.  64.  65.  84.  72.  95.  78.  96.  97.  73.  60.  61.  90.  90.  72.  64.  76.  64.  68.  93.  84.  74.  85.  84.  84.  90.  84.  84.  92.  93.  65.  91.  89.  93.  76.  93.  78.], average: 81.69
['Test Stats '] top1_per_class accuracy is: [94. 86. 85. 53. 64. 88. 85. 90. 97. 81. 73. 90. 79. 77. 74. 76. 75. 95. 74. 69. 94. 86. 81. 95. 93. 78. 79. 66. 91. 75. 83. 79. 73. 61. 78. 93. 87. 79. 51. 93. 67. 90. 83. 85. 59. 76. 87. 94. 97. 92. 75. 75. 99. 98. 90. 68. 92. 90. 95. 93. 94. 85. 92. 68. 63. 64. 85. 74. 96. 81. 97. 96. 72. 56. 56. 89. 90. 67. 61. 74. 65. 70. 92. 77. 77. 87. 86. 87. 91. 86. 80. 92. 93. 65. 91. 86. 93. 78. 85. 77.], average: 81.43
['Test Stats '] top1_per_class accuracy is: [95. 85. 87. 50. 56. 89. 91. 91. 97. 80. 72. 94. 83. 76. 75. 76. 77. 96. 82. 69. 96. 87. 83. 95. 94. 81. 77. 61. 90. 71. 80. 81. 71. 65. 80. 93. 87. 85. 55. 96. 69. 88. 85. 88. 61. 67. 88. 96. 96. 94. 75. 74. 99. 98. 87. 66. 93. 90. 95. 91. 93. 87. 90. 66. 63. 65. 86. 72. 95. 81. 96. 99. 66. 59. 56. 89. 90. 67. 63. 77. 62. 71. 91. 78. 73. 88. 89. 84. 91. 88. 85. 92. 92. 69. 88. 84. 92. 82. 90. 73.], average: 81.71
['Test Stats '] top1_per_class accuracy is: [96. 87. 88. 54. 61. 86. 87. 91. 97. 83. 72. 94. 84. 79. 74. 81. 73. 96. 79. 77. 94. 87. 86. 93. 92. 80. 75. 54. 89. 70. 86. 84. 71. 55. 80. 96. 89. 83. 60. 94. 73. 87. 81. 86. 54. 69. 90. 96. 96. 92. 77. 75. 99. 99. 90. 69. 93. 88. 96. 93. 92. 84. 94. 66. 66. 64. 88. 71. 96. 78. 97. 94. 70. 56. 60. 89. 90. 65. 58. 76. 67. 67. 91. 83. 71. 85. 92. 89. 91. 82. 84. 92. 93. 63. 87. 85. 95. 80. 91. 72.], average: 81.74
['Test Stats '] top1_per_class accuracy is: [ 97.  88.  86.  57.  57.  88.  87.  93.  97.  87.  76.  94.  80.  77.  75.  83.  78.  94.  78.  75.  90.  88.  77.  93.  94.  81.  80.  60.  91.  72.  82.  82.  70.  57.  78.  96.  89.  80.  60.  91.  67.  89.  81.  84.  61.  70.  88.  96.  96.  93.  76.  74. 100.  99.  88.  68.  92.  90.  96.  92.  92.  87.  94.  73.  63.  66.  88.  71.  96.  80.  94.  97.  66.  56.  62.  91.  89.  70.  61.  81.  63.  69.  92.  83.  74.  86.  88.  81.  92.  85.  84.  89.  93.  65.  87.  84.  93.  80.  92.  74.], average: 81.89
['Test Stats '] top1_per_class accuracy is: [95. 87. 81. 57. 60. 87. 86. 92. 96. 83. 70. 94. 78. 75. 73. 80. 74. 93. 80. 72. 93. 86. 80. 89. 93. 79. 75. 59. 89. 75. 88. 79. 68. 54. 78. 94. 89. 80. 51. 93. 69. 90. 86. 84. 59. 64. 86. 96. 94. 90. 77. 73. 99. 99. 92. 69. 93. 90. 96. 94. 92. 84. 95. 72. 60. 65. 89. 68. 96. 81. 96. 93. 70. 52. 58. 88. 89. 66. 59. 76. 65. 68. 94. 81. 70. 87. 91. 88. 92. 87. 84. 91. 93. 62. 90. 86. 94. 81. 89. 77.], average: 81.24
['Test Stats '] top1_per_class accuracy is: [ 96.  87.  84.  51.  62.  90.  87.  89.  94.  85.  72.  95.  81.  77.  73.  88.  73.  96.  76.  79.  95.  88.  81.  92.  93.  82.  79.  54.  92.  71.  87.  83.  67.  63.  75.  95.  87.  82.  57.  94.  69.  90.  91.  86.  50.  68.  88.  95.  97.  91.  78.  72.  99. 100.  88.  68.  93.  89.  95.  91.  91.  85.  95.  68.  60.  67.  86.  61.  96.  77.  95.  97.  70.  51.  63.  89.  90.  66.  58.  76.  65.  69.  93.  80.  74.  85.  89.  86.  91.  85.  85.  88.  93.  62.  91.  84.  92.  81.  89.  80.], average: 81.53
['Test Stats '] top1_per_class accuracy is: [ 95.  85.  86.  57.  58.  90.  89.  92.  94.  88.  70.  95.  76.  79.  80.  82.  73.  94.  83.  77.  94.  90.  81.  94.  94.  79.  79.  53.  92.  71.  89.  84.  67.  62.  77.  94.  88.  81.  57.  94.  70.  88.  86.  85.  52.  67.  89.  96.  97.  93.  76.  72. 100.  99.  89.  72.  94.  91.  94.  94.  92.  87.  95.  68.  64.  67.  88.  63.  96.  80.  96.  99.  73.  52.  62.  91.  88.  69.  59.  72.  70.  69.  93.  81.  73.  84.  88.  84.  91.  85.  84.  88.  93.  62.  91.  85.  92.  81.  91.  79.], average: 81.92
['Test Stats '] top1_per_class accuracy is: [ 95.  85.  85.  50.  56.  91.  85.  93.  93.  87.  71.  95.  77.  79.  79.  78.  76.  92.  76.  70.  94.  90.  80.  95.  94.  80.  78.  64.  92.  71.  85.  83.  72.  59.  80.  94.  87.  82.  58.  96.  64.  90.  84.  84.  59.  69.  87.  96.  95.  94.  73.  77. 100. 100.  90.  64.  93.  89.  94.  94.  94.  85.  95.  68.  64.  66.  90.  71.  94.  84.  96.  99.  68.  61.  59.  92.  88.  72.  65.  76.  62.  71.  94.  83.  77.  87.  86.  82.  91.  86.  83.  92.  93.  67.  91.  86.  94.  79.  89.  75.], average: 81.98
['Test Stats '] top1_per_class accuracy is: [ 96.  85.  84.  61.  48.  89.  86.  90.  94.  82.  75.  96.  76.  78.  78.  77.  77.  93.  78.  69.  93.  88.  78.  91.  93.  81.  77.  60.  91.  77.  83.  78.  72.  59.  79.  95.  89.  86.  50.  95.  69.  90.  84.  84.  59.  67.  88.  95.  96.  94.  79.  78.  99. 100.  89.  65.  92.  89.  95.  93.  91.  88.  94.  66.  65.  68.  89.  73.  95.  82.  96.  99.  68.  60.  64.  92.  89.  69.  65.  78.  68.  69.  93.  85.  74.  84.  88.  86.  90.  86.  81.  92.  93.  67.  89.  84.  94.  79.  91.  75.], average: 81.91
['Test Stats '] top1_per_class accuracy is: [ 95.  85.  90.  51.  61.  89.  84.  85.  95.  77.  72.  97.  76.  80.  72.  82.  76.  94.  78.  75.  93.  90.  82.  90.  93.  79.  77.  65.  90.  75.  87.  83.  68.  60.  79.  95.  87.  81.  51.  93.  71.  91.  82.  85.  59.  61.  91.  96.  97.  92.  74.  76.  99. 100.  87.  71.  92.  89.  95.  91.  93.  87.  94.  64.  67.  65.  88.  65.  95.  81.  96.  97.  75.  54.  60.  91.  87.  70.  67.  76.  62.  72.  92.  86.  73.  85.  89.  85.  88.  85.  83.  87.  93.  65.  90.  85.  93.  79.  91.  72.], average: 81.58
['Test Stats '] top1_per_class accuracy is: [ 96.  86.  86.  48.  57.  90.  86.  90.  95.  81.  72.  95.  78.  79.  75.  79.  75.  94.  78.  76.  96.  89.  81.  91.  93.  78.  79.  65.  88.  79.  83.  83.  68.  70.  80.  95.  87.  80.  58.  93.  70.  91.  88.  84.  64.  68.  89.  96.  96.  92.  75.  76.  99. 100.  87.  66.  91.  89.  94.  90.  93.  86.  94.  69.  67.  64.  90.  66.  93.  82.  93.  98.  69.  56.  58.  93.  90.  70.  68.  74.  61.  74.  92.  86.  76.  87.  90.  84.  90.  89.  86.  88.  93.  66.  91.  82.  89.  77.  86.  77.], average: 81.94
['Test Stats '] top1_per_class accuracy is: [ 95.  86.  87.  55.  59.  91.  86.  91.  94.  79.  71.  97.  77.  80.  76.  80.  75.  92.  77.  74.  95.  88.  83.  89.  94.  77.  80.  74.  88.  78.  82.  80.  68.  58.  80.  95.  88.  79.  56.  94.  71.  90.  90.  86.  69.  71.  92.  96.  95.  91.  72.  76.  99. 100.  91.  70.  93.  90.  95.  93.  92.  87.  95.  68.  66.  59.  87.  69.  95.  81.  97.  96.  69.  59.  56.  90.  90.  70.  69.  76.  61.  73.  92.  87.  74.  86.  89.  86.  92.  87.  84.  89.  93.  71.  90.  84.  91.  80.  87.  72.], average: 82.17
['Test Stats '] top1_per_class accuracy is: [ 96.  86.  86.  48.  60.  89.  84.  89.  94.  81.  72.  96.  84.  80.  79.  80.  76.  94.  75.  82.  95.  89.  82.  90.  93.  78.  76.  77.  87.  82.  85.  83.  70.  59.  79.  95.  88.  84.  55.  92.  74.  88.  81.  85.  75.  68.  90.  96.  96.  91.  75.  75.  99. 100.  89.  72.  92.  92.  96.  92.  93.  86.  95.  66.  63.  64.  84.  66.  95.  80.  94.  96.  72.  52.  62.  91.  90.  67.  74.  76.  65.  75.  92.  89.  76.  85.  91.  86.  92.  84.  85.  86.  92.  75.  90.  84.  92.  78.  86.  72.], average: 82.37
['Test Stats '] top1_per_class accuracy is: [ 97.  87.  87.  52.  69.  87.  86.  88.  95.  83.  72.  93.  85.  79.  76.  80.  82.  94.  78.  75.  95.  87.  84.  93.  93.  78.  79.  72.  89.  77.  83.  79.  70.  66.  80.  94.  88.  84.  58.  92.  69.  92.  87.  86.  69.  73.  89.  95.  97.  93.  74.  73.  99. 100.  87.  74.  94.  91.  94.  95.  92.  88.  91.  71.  60.  64.  84.  63.  96.  79.  91.  98.  70.  55.  59.  89.  90.  75.  68.  78.  59.  75.  92.  77.  73.  87.  88.  86.  91.  89.  77.  86.  93.  65.  87.  83.  93.  78.  88.  76.], average: 82.21
['Test Stats '] top1_per_class accuracy is: [ 96.  89.  86.  61.  65.  90.  85.  91.  95.  83.  72.  96.  82.  82.  79.  81.  81.  93.  76.  76.  95.  91.  81.  91.  92.  76.  74.  65.  87.  72.  82.  82.  72.  63.  79.  95.  87.  82.  55.  92.  71.  92.  88.  91.  55.  68.  90.  94.  97.  94.  76.  73. 100. 100.  88.  73.  91.  90.  96.  92.  92.  86.  93.  58.  63.  70.  85.  69.  95.  84.  95.  97.  68.  57.  66.  88.  90.  73.  64.  78.  67.  74.  95.  80.  71.  86.  86.  88.  91.  88.  83.  90.  94.  58.  90.  86.  91.  81.  89.  78.], average: 82.28
['Test Stats '] top1_per_class accuracy is: [ 95.  89.  84.  56.  55.  90.  87.  91.  94.  84.  74.  94.  81.  79.  79.  77.  79.  93.  79.  68.  94.  86.  81.  91.  93.  80.  75.  52.  88.  72.  83.  78.  73.  59.  82.  96.  84.  82.  52.  93.  72.  91.  90.  87.  53.  64.  92.  93.  95.  91.  74.  73.  99. 100.  88.  65.  93.  89.  96.  95.  93.  87.  94.  63.  69.  68.  87.  75.  96.  82.  96.  93.  70.  60.  62.  91.  90.  70.  54.  76.  61.  74.  95.  83.  74.  85.  90.  88.  91.  88.  81.  91.  94.  58.  86.  83.  92.  82.  90.  76.], average: 81.6
['Test Stats '] top1_per_class accuracy is: [ 95.  89.  85.  58.  60.  91.  86.  91.  95.  85.  77.  94.  78.  79.  77.  83.  79.  95.  80.  78.  96.  89.  82.  90.  93.  81.  75.  54.  87.  72.  81.  82.  68.  62.  79.  95.  88.  82.  59.  95.  70.  90.  89.  90.  52.  66.  87.  96.  96.  92.  76.  70.  99. 100.  88.  68.  92.  89.  96.  92.  93.  87.  93.  62.  67.  69.  85.  70.  96.  84.  95.  98.  69.  54.  61.  87.  88.  65.  57.  75.  60.  73.  94.  86.  75.  87.  89.  88.  91.  88.  82.  90.  94.  60.  88.  86.  93.  82.  88.  77.], average: 81.89
['Test Stats '] top1_per_class accuracy is: [ 95.  89.  85.  50.  61.  91.  89.  93.  95.  85.  77.  96.  80.  83.  80.  87.  79.  93.  78.  78.  96.  90.  81.  92.  93.  83.  79.  54.  90.  72.  82.  84.  72.  64.  82.  95.  90.  81.  56.  91.  70.  91.  84.  87.  53.  70.  89.  94.  97.  94.  78.  72.  99. 100.  89.  70.  91.  89.  97.  89.  93.  89.  94.  65.  69.  69.  86.  72.  95.  80.  95.  95.  71.  57.  61.  89.  88.  67.  58.  75.  63.  71.  91.  83.  83.  85.  86.  87.  90.  85.  87.  88.  94.  56.  92.  84.  90.  78.  88.  76.], average: 82.19
['Test Stats '] top1_per_class accuracy is: [96. 88. 86. 55. 61. 91. 85. 90. 95. 89. 75. 96. 80. 83. 79. 89. 80. 94. 79. 84. 95. 88. 78. 92. 92. 80. 73. 59. 92. 66. 87. 84. 70. 60. 78. 95. 87. 84. 68. 91. 67. 89. 88. 87. 54. 67. 90. 95. 96. 92. 76. 80. 99. 99. 92. 67. 92. 92. 96. 95. 94. 88. 95. 66. 69. 64. 86. 66. 96. 82. 97. 96. 69. 55. 63. 92. 88. 64. 55. 74. 59. 72. 93. 87. 81. 86. 84. 88. 89. 82. 85. 89. 95. 57. 93. 84. 94. 81. 89. 78.], average: 82.32
['Test Stats '] top1_per_class accuracy is: [96. 89. 84. 62. 55. 90. 82. 90. 96. 86. 78. 95. 80. 84. 76. 86. 81. 92. 76. 78. 95. 88. 80. 94. 93. 82. 75. 59. 93. 72. 88. 84. 69. 60. 78. 94. 87. 84. 64. 93. 68. 87. 88. 88. 60. 59. 87. 96. 97. 92. 75. 74. 99. 99. 88. 71. 93. 92. 97. 94. 93. 88. 94. 69. 70. 68. 88. 68. 96. 81. 95. 96. 66. 57. 64. 93. 88. 65. 56. 76. 59. 69. 92. 83. 77. 83. 86. 85. 93. 83. 87. 92. 92. 60. 91. 84. 92. 82. 88. 74.], average: 82.15
['Test Stats '] top1_per_class accuracy is: [97. 88. 82. 58. 58. 92. 88. 89. 96. 81. 78. 94. 82. 85. 77. 81. 77. 92. 80. 73. 95. 87. 82. 90. 93. 83. 77. 56. 89. 72. 84. 78. 67. 58. 80. 94. 91. 84. 60. 94. 70. 86. 87. 90. 53. 69. 87. 95. 97. 93. 79. 79. 99. 99. 89. 65. 91. 91. 97. 94. 93. 87. 94. 66. 66. 72. 88. 69. 96. 81. 96. 97. 66. 57. 66. 92. 88. 68. 59. 76. 64. 71. 93. 86. 78. 84. 87. 86. 90. 83. 85. 92. 92. 55. 89. 84. 91. 80. 88. 77.], average: 82.04
['Test Stats '] top1_per_class accuracy is: [96. 88. 88. 58. 53. 92. 85. 91. 95. 81. 75. 95. 77. 84. 74. 85. 76. 93. 80. 76. 96. 85. 80. 87. 94. 84. 80. 62. 90. 68. 83. 84. 71. 58. 78. 95. 89. 84. 60. 93. 67. 87. 84. 84. 56. 75. 90. 96. 97. 91. 80. 80. 99. 99. 88. 65. 91. 92. 97. 95. 91. 90. 93. 62. 68. 68. 87. 70. 97. 82. 95. 95. 68. 56. 66. 91. 89. 71. 62. 79. 63. 70. 93. 84. 80. 85. 85. 86. 89. 83. 84. 91. 91. 61. 92. 83. 93. 80. 89. 74.], average: 82.12
['Test Stats '] top1_per_class accuracy is: [97. 87. 87. 63. 58. 90. 86. 88. 95. 82. 74. 96. 75. 80. 77. 80. 79. 92. 76. 73. 95. 88. 80. 91. 93. 75. 78. 64. 91. 78. 84. 80. 71. 64. 80. 96. 87. 83. 53. 95. 68. 92. 86. 90. 66. 67. 90. 96. 96. 92. 76. 77. 99. 99. 91. 70. 92. 93. 95. 95. 93. 88. 94. 68. 63. 62. 86. 69. 96. 82. 96. 97. 75. 55. 56. 93. 88. 70. 69. 77. 58. 72. 92. 86. 73. 86. 88. 88. 91. 88. 83. 91. 93. 71. 90. 88. 91. 80. 91. 73.], average: 82.41
['Test Stats '] top1_per_class accuracy is: [96. 86. 88. 63. 66. 90. 82. 91. 96. 82. 75. 97. 77. 77. 73. 84. 81. 94. 75. 77. 94. 87. 81. 89. 93. 80. 78. 57. 89. 72. 85. 84. 66. 64. 78. 95. 89. 82. 60. 94. 69. 91. 87. 88. 60. 66. 91. 95. 97. 90. 78. 77. 99. 99. 93. 70. 92. 92. 95. 92. 92. 86. 95. 68. 59. 62. 82. 67. 96. 84. 96. 98. 72. 53. 60. 90. 89. 69. 59. 76. 60. 73. 93. 82. 79. 87. 88. 87. 92. 87. 78. 91. 91. 66. 94. 86. 91. 84. 92. 75.], average: 82.17
['Test Stats '] top1_per_class accuracy is: [97. 86. 89. 49. 59. 92. 84. 93. 94. 88. 76. 97. 79. 81. 77. 81. 78. 95. 79. 78. 97. 90. 82. 91. 93. 81. 78. 61. 91. 70. 83. 79. 67. 67. 80. 95. 92. 83. 55. 91. 70. 90. 81. 82. 59. 67. 91. 95. 95. 91. 83. 75. 99. 99. 91. 71. 92. 93. 94. 93. 93. 83. 95. 67. 61. 68. 81. 62. 97. 85. 96. 99. 66. 55. 67. 92. 92. 75. 61. 76. 68. 69. 91. 84. 81. 85. 84. 85. 88. 86. 82. 89. 91. 64. 93. 87. 91. 79. 92. 78.], average: 82.27
['Test Stats '] top1_per_class accuracy is: [ 96.  87.  88.  60.  62.  90.  85.  90.  95.  83.  73.  97.  80.  81.  72.  83.  77.  93.  79.  76.  95.  91.  83.  90.  92.  79.  76.  67.  91.  72.  84.  82.  67.  64.  80.  97.  88.  82.  61.  91.  68.  90.  82.  86.  58.  73.  92.  97.  94.  92.  84.  74. 100. 100.  90.  71.  90.  90.  95.  95.  93.  86.  95.  66.  60.  72.  83.  66.  96.  84.  97.  99.  75.  54.  69.  92.  91.  70.  66.  79.  70.  70.  91.  84.  76.  85.  88.  86.  88.  89.  81.  90.  92.  66.  90.  90.  90.  81.  91.  76.], average: 82.67
['Test Stats '] top1_per_class accuracy is: [ 97.  85.  89.  58.  59.  90.  84.  93.  94.  80.  76.  96.  78.  80.  76.  84.  74.  93.  80.  81.  94.  88.  82.  91.  92.  77.  75.  68.  92.  74.  80.  81.  65.  56.  79.  95.  87.  81.  60.  96.  70.  90.  87.  89.  62.  65.  89.  96.  96.  92.  79.  77.  99. 100.  92.  69.  93.  92.  97.  92.  90.  84.  95.  67.  66.  65.  90.  70.  96.  82.  96.  97.  68.  54.  59.  91.  91.  69.  64.  74.  66.  71.  93.  87.  78.  84.  90.  87.  91.  90.  78.  88.  93.  68.  89.  89.  94.  83.  91.  74.], average: 82.38
['Test Stats '] top1_per_class accuracy is: [97. 88. 87. 64. 57. 89. 89. 94. 96. 81. 75. 96. 81. 81. 79. 82. 74. 94. 82. 76. 94. 85. 84. 92. 93. 75. 78. 66. 90. 72. 78. 82. 66. 62. 83. 95. 87. 81. 54. 94. 75. 91. 87. 90. 56. 68. 87. 97. 96. 90. 78. 77. 99. 99. 87. 63. 93. 91. 97. 92. 91. 85. 96. 70. 64. 60. 91. 67. 96. 76. 96. 96. 64. 57. 60. 91. 92. 68. 64. 74. 61. 70. 91. 85. 78. 84. 90. 88. 92. 88. 83. 86. 91. 64. 90. 84. 92. 86. 89. 69.], average: 82.05
